ELEC : 71.33146476573017
COVTYPE : 77.01093438850555
POKERHAND : 53.92685392685392
RIALTO : 41.88014443944608
ROTATINGHYPERPLANE : 90.89445447227236
MOVINGSQUARES : 99.29799648998245
MOVINGRBF : 50.287251436257186
INTERCHANCHINGRBF : 67.36883684418422