ELEC : 62.80814813180022
ROTATINGHYPERPLANE : 83.16641583207915